98.6381390000
98.6683853333
98.7584613333
98.9030976667
99.1047210000
99.3498416667
99.6354023333
99.9421686667
100.2563680000
100.5729170000
100.8721916667
101.1615950000
101.4034526667
101.6122326667
101.7625036667
101.8735073333
101.9558043333
101.9931663333
101.9950523333
101.9699043333
101.9071363333
101.8161520000
101.7084053333
101.5976680000
101.5072496667
101.4339220000
101.3923670000
101.3716756667
101.3667010000
101.3799980000
101.4127946667
101.4532016667
101.4945050000
101.5347100000
101.5764296667
101.5817760000
101.5753506667
101.5507216667
101.5153373333
101.4808233333
101.4383443333
101.3790230000
101.3051156667
101.2212710000
101.1397423333
101.0646493333
101.0042436667
100.9562200000
100.9128053333
100.8711656667
100.8509150000
100.8417230000
100.8424280000
100.8636003333
100.9078083333
100.9775180000
101.0597230000
101.1515476667
101.2476056667
101.3378500000
101.4203793333
101.4918500000
101.5562636667
101.6008253333
101.6228116667
101.6284996667
101.6313206667
101.6285960000
101.6188496667
101.5998510000
101.5727860000
101.5359010000
101.5116016667
101.4779433333
101.4461243333
101.4204133333
101.3977013333
101.3670010000
101.3349493333
101.3058816667
101.2857610000
101.2724546667
101.2810280000
101.2980313333
101.3258260000
101.3624390000
101.4091833333
101.4602416667
101.5058000000
101.5624416667
101.6022773333
101.6494980000
101.6933326667
101.7231156667
101.7353436667
101.7381690000
101.7194410000
101.6885293333
101.6596780000
101.6339730000
101.5923116667
101.5358216667
101.4782006667
101.4155056667
101.3536010000
101.2953833333
101.2415943333
101.1915663333
101.1647276667
101.1408486667
101.1243633333
101.1108506667
101.1060673333
101.1173390000
101.1288726667
101.1518650000
101.1773143333
101.2118133333
101.2502310000
101.2822110000
101.3157783333
101.3642230000
101.3999723333
101.4386336667
101.4628420000
101.4872190000
101.5180843333
101.5633583333
101.6122803333
101.6612900000
101.7035033333
101.7395476667
101.7858500000
101.8508613333
101.9139443333
101.9858340000
102.0578356667
102.1196283333
102.1747360000
102.2234866667
102.2477343333
102.2551310000
102.2565603333
102.2360806667
102.2140230000
102.1718133333
102.1237706667
102.0613633333
102.0062610000
101.9498233333
101.8950433333
101.8580320000
101.8293630000
101.8148543333
101.8093126667
101.8105683333
101.7954020000
101.7771056667
101.7645133333
101.7611713333
101.7544616667
101.7480143333
101.7477956667
101.7409260000
101.7523386667
101.7590560000
101.7652386667
101.7771833333
101.7801253333
101.7886676667
101.7828410000
101.7647496667
101.7382690000
101.7118270000
101.6891333333
101.6613900000
101.6356706667
101.6099840000
101.5847616667
101.5664190000
101.5627010000
101.5758720000
101.5985293333
101.6225390000
101.6491656667
101.7056486667
101.7632283333
101.8305053333
101.9008210000
101.9729350000
102.0424413333
102.1142656667
102.1742373333
102.2369613333
102.2840910000
102.3109403333
102.3333623333
102.3592766667
102.3480286667
102.3291056667
102.2914166667
102.2463840000
102.1996920000
102.1579446667
102.1252686667
102.1099886667
102.1144233333
102.1346800000
102.1667156667
102.1984233333
102.2560743333
102.3336100000
102.4326003333
102.5495636667
102.6683286667
102.7965123333
102.9141036667
103.0065143333
103.0881723333
103.1385760000
103.1412123333
103.0877713333
103.0078010000
102.9254953333
102.8377816667
102.7481820000
102.6363953333
102.5127910000
102.3854916667
102.2801103333
102.2043656667
102.1216283333
102.0476333333
101.9909796667
101.9481966667
101.9336090000
101.9236620000
101.9204193333
101.9187390000
101.9015553333
101.9127820000
101.9358540000
101.9621340000
101.9790940000
102.0049190000
102.0544433333
102.1305510000
102.2212506667
102.3295036667
102.4619153333
102.6008950000
102.7370596667
102.8771150000
103.0152713333
103.1514833333
103.2680550000
103.3580810000
103.4207950000
103.4489293333
103.4660473333
103.4395783333
103.3841733333
103.3118766667
103.2239700000
103.1062233333
102.9840026667
102.8427966667
102.7217073333
102.5943786667
102.4695450000
102.3517850000
102.2345193333
102.1349533333
102.0360843333
101.9500540000
101.8853290000
101.8283123333
101.7858530000
101.7743950000
101.7744433333
101.7789896667
101.8056663333
101.8245176667
101.8607176667
101.8931210000
101.9402966667
101.9757566667
101.9920096667
102.0066533333
102.0172033333
102.0178060000
102.0334016667
102.0540513333
102.0895723333
102.1163090000
102.1548220000
102.1862496667
102.2251033333
102.2579113333
102.2881396667
102.2994910000
102.3128620000
102.3090666667
102.2814580000
102.2366280000
102.1966306667
102.1405426667
102.0790970000
102.0151703333
101.9508543333
101.8889526667
101.8235853333
101.7644593333
101.6814076667
101.6021243333
101.5442420000
101.4952660000
101.4725703333
101.4623463333
101.4611033333
101.4667970000
101.4841753333
101.5128480000
101.5678780000
101.6294460000
101.7070076667
101.7846463333
101.8461356667
101.9112053333
101.9722513333
102.0118563333
102.0575810000
102.0912876667
102.1242620000
102.1401663333
102.1455300000
102.1636170000
102.1755056667
102.1738976667
102.1639666667
102.1581313333
102.1398853333
102.1277886667
102.1221046667
102.1383533333
102.1621063333
102.1929756667
102.2329826667
102.2807293333
102.3296226667
102.3681356667
102.4029640000
102.4325120000
102.4595810000
102.4793353333
102.5052363333
102.5383893333
102.5623503333
102.5731140000
102.5476370000
102.5006853333
102.4384206667
102.3575086667
102.2864623333
102.2092036667
102.1401706667
102.0650913333
101.9919986667
101.9348480000
101.8818523333
101.8222220000
101.7791873333
101.7289423333
101.7130326667
101.7232933333
101.7660346667
101.8144530000
101.8688630000
101.9272783333
101.9863836667
102.0324870000
102.0806283333
102.1075196667
102.1209650000
102.1387693333
102.1525596667
102.1586196667
102.1574893333
102.1439870000
102.1309996667
102.1028863333
102.0838306667
102.0499146667
102.0300620000
102.0050056667
101.9811683333
101.9539883333
101.9217636667
101.8676673333
101.8331306667
101.8104756667
101.8044010000
101.8041813333
101.7967760000
101.7890860000
101.7850743333
101.7927540000
101.8080153333
101.8372206667
101.8703426667
101.9205810000
101.9707276667
102.0303920000
102.1058726667
102.1998783333
102.3010476667
102.4017220000
102.5107580000
102.6127060000
102.6934683333
102.7494180000
102.7949303333
102.8287943333
102.8492006667
102.8648613333
102.8604523333
102.8458310000
102.8073253333
102.7718506667
102.7254830000
102.6639360000
102.5991256667
102.5355496667
102.4761253333
102.4038586667
102.3275736667
102.2808656667
102.2296413333
102.1688346667
102.1218483333
102.0854673333
102.0651143333
102.0609686667
102.0677216667
102.0782416667
102.1022103333
102.1359943333
102.1820343333
102.2239746667
102.2635203333
102.2816430000
102.2947780000
102.3134186667
102.3332403333
102.3634580000
102.3947123333
102.4352436667
102.4960313333
102.5557666667
102.5918800000
102.6027370000
102.6237786667
102.6491896667
102.6680373333
102.6762926667
102.6741560000
102.6536513333
102.6450140000
102.6374336667
102.6407100000
102.6352870000
102.6468313333
102.6616740000
102.6881940000
102.7033180000
102.7147623333
102.7029780000
102.6881270000
102.6800940000
102.6724230000
102.6685173333
102.6743313333
102.6960076667
102.7117813333
102.7161190000
102.7218223333
102.7326716667
102.7444646667
102.7353516667
102.7362886667
102.7414476667
102.7513116667
102.7736803333
102.7906636667
102.8319186667
102.8667186667
102.8990850000
102.9384790000
102.9907543333
103.0374180000
103.0796723333
103.1218226667
103.1425456667
103.1636276667
103.1592160000
103.1406660000
103.1130013333
103.0636280000
102.9995636667
102.9302596667
102.8652930000
102.7894586667
102.7096750000
102.6177856667
102.5240336667
102.4173653333
102.3327820000
102.2534836667
102.1879410000
102.1350656667
102.0901786667
102.0614713333
102.0765220000
102.1077473333
102.1500723333
102.1942110000
102.2447453333
102.3105883333
102.3747780000
102.4534206667
102.5342033333
102.6304200000
102.7245676667
102.8099730000
102.8894920000
102.9425770000
102.9722593333
102.9861810000
102.9863466667
102.9648570000
102.9198976667
102.8426776667
102.7509943333
102.6473786667
102.5449206667
102.4444550000
102.3380510000
102.2365026667
102.1468646667
102.0872750000
102.0560353333
102.0450603333
102.0440483333
102.0538356667
102.0850476667
102.1382203333
102.1993666667
102.2723053333
102.3445206667
102.4205950000
102.4726946667
102.5195476667
102.5560173333
102.5905846667
102.6269140000
102.6455146667
102.6593100000
102.6464436667
102.6359296667
102.6425800000
102.6556726667
102.6679906667
102.7137316667
102.7747943333
102.8470076667
102.9485616667
103.0643970000
103.1576436667
103.2397023333
103.3239926667
103.3961713333
103.4454740000
103.4695906667
103.4465300000
103.3894386667
103.2870280000
103.1677296667
103.0183613333
102.8400276667
102.6402983333
102.4349476667
102.2528253333
102.0959810000
101.9654123333
101.8617996667
101.7779820000
101.7215293333
101.7103160000
101.7184906667
101.7605510000
101.8292373333
101.9216146667
102.0347420000
102.1647190000
102.3240186667
102.4873530000
102.6497690000
102.8194296667
102.9956446667
103.1541433333
103.3337070000
103.5118463333
103.6630220000
103.8023796667
103.9257656667
104.0359733333
104.1219133333
104.1822303333
104.2300323333
104.2138536667
104.1575783333
104.0457786667
103.9280920000
103.7998026667
103.6538316667
103.4854990000
103.3422376667
103.1833566667
103.0326043333
102.9077036667
102.8148066667
102.7421733333
102.6889673333
102.6794683333
102.6876690000
102.7199366667
102.7544076667
102.7960880000
102.8304033333
102.8616330000
102.9063926667
102.9435993333
102.9862926667
103.0237020000
103.0590013333
103.0785876667
103.1082100000
103.1307010000
103.1558343333
103.1972206667
103.2717190000
103.3488740000
103.4292210000
103.5154576667
103.5929543333
103.6692623333
103.7403673333
103.8190143333
103.8815156667
103.9235140000
103.9383670000
103.9094156667
103.8540216667
103.7929433333
103.7423533333
103.6840966667
103.6420956667
103.5975710000
103.5659556667
103.5407526667
103.4981296667
103.4731586667
103.4481723333
103.4234813333
103.3929693333
103.3816606667
103.3669116667
103.3465843333
103.3126793333
103.2673493333
103.2190950000
103.1839716667
103.1486643333
103.1096993333
103.0761363333
103.0538893333
103.0260613333
103.0172620000
103.0041683333
102.9994666667
103.0001213333
103.0070106667
103.0261330000
103.0609400000
103.1097126667
103.1338160000
103.1562396667
103.1835630000
103.2108550000
103.2029870000
103.1836683333
103.1546560000
103.1078920000
103.0482176667
102.9679513333
102.8741030000
102.7576636667
102.6470993333
102.5503180000
102.4584076667
102.3787166667
102.3238246667
102.2965970000
102.2834163333
102.3126273333
102.3647553333
102.4485063333
102.5512070000
102.6699990000
102.8141920000
102.9997423333
103.2051486667
103.4237396667
103.6303856667
103.8311176667
104.0114796667
104.1586803333
104.2694273333
104.3049256667
104.2823360000
104.1984186667
104.0650226667
103.8870053333
103.6595636667
103.4185580000
103.1573820000
102.8593580000
102.5744053333
102.2834236667
102.0243143333
101.7970163333
101.6314313333
101.4866090000
101.4010300000
101.3632530000
101.3971463333
101.4973416667
101.6629820000
101.8747780000
102.1125086667
102.3801570000
102.6439760000
102.9056586667
103.1292153333
103.3177573333
103.4698893333
103.5695140000
103.5919866667
103.5669236667
103.5036943333
103.4069796667
103.2788840000
103.1281433333
102.9847183333
102.8350013333
102.7082600000
102.6035236667
102.5252440000
102.4902733333
102.4843380000
102.5279383333
102.6119380000
102.7178813333
102.8527386667
102.9973306667
103.1535813333
103.2936836667
103.4104546667
103.5121233333
103.5783810000
103.6217100000
103.6348733333
103.6080506667
103.5481126667
103.4751910000
103.3812213333
103.2683273333
103.1449223333
103.0236736667
102.8993583333
102.7877920000
102.6786673333
102.5695293333
102.4701926667
102.3913496667
102.3076743333
102.2400510000
102.1928606667
102.1553113333
102.1280633333
102.1167240000
102.1417600000
102.1802680000
102.2478143333
102.3435390000
102.4452836667
102.5474950000
102.6441383333
102.7511073333
102.8556876667
102.9460770000
103.0174026667
103.0824616667
103.0889326667
103.0810556667
103.0465950000
102.9890463333
102.9306923333
102.8813270000
102.8302093333
102.7654466667
102.7089350000
102.6453716667
102.5745313333
102.5266290000
102.4995626667
102.4902123333
102.5187810000
102.5828930000
102.6512393333
102.7337506667
102.8315180000
102.9554433333
103.0958590000
103.2200786667
103.3418150000
103.4732430000
103.5798486667
103.6562530000
103.7074933333
103.7282653333
103.7353056667
103.7187440000
103.6817956667
103.6261190000
103.5479563333
103.4584346667
103.3701233333
103.2864456667
103.1826586667
103.0694600000
102.9745803333
102.8588926667
102.7482040000
102.6418966667
102.5382270000
102.4340200000
102.3414363333
102.2751653333
102.2288000000
102.1903536667
102.1931090000
102.2315750000
102.2913143333
102.3752056667
102.4646113333
102.5649586667
102.6603143333
102.7389153333
102.8121853333
102.8806363333
102.9288970000
102.9587550000
102.9819143333
102.9890686667
102.9803066667
102.9583626667
102.9127670000
102.8466016667
102.7810643333
102.6994696667
102.6077956667
102.5069163333
102.3902050000
102.2508786667
102.1098213333
101.9838843333
101.8741410000
101.7793996667
101.7050220000
101.6487096667
101.6163333333
101.6058040000
101.6233833333
101.6611740000
101.7099243333
101.7726480000
101.8332596667
101.8966893333
101.9558470000
102.0113926667
102.0699386667
102.1419103333
102.2154183333
102.2830646667
102.3283430000
102.3535463333
102.3689970000
102.3597220000
102.3515930000
102.3235466667
102.2768176667
102.2292590000
102.1821393333
102.1227443333
102.0669876667
102.0211926667
101.9895820000
101.9409726667
101.8988090000
101.8651190000
101.8431973333
101.8288406667
101.8200196667
101.8128723333
101.8005720000
101.8031633333
101.8293043333
101.8822823333
101.9391846667
102.0389103333
102.1645440000
102.3098893333
102.4650556667
102.6061730000
102.7467330000
102.8631670000
102.9595630000
103.0507446667
103.1244636667
103.1861550000
103.2224916667
103.2477480000
103.2423986667
103.2169970000
103.1925360000
103.1701133333
103.1511866667
103.1374876667
103.1206403333
103.0987050000
103.0840456667
103.0817780000
103.0837190000
103.0724073333
103.0567926667
103.0450216667
103.0178633333
102.9918710000
102.9562963333
102.9161090000
102.8571300000
102.7832256667
102.6947353333
102.6057013333
102.5239190000
102.4459893333
102.3726690000
102.3180480000
102.2732950000
102.2437640000
102.2397136667
102.2498010000
102.2768220000
102.3181410000
102.3658653333
102.4423476667
102.5329866667
102.6353553333
102.7438983333
102.8569210000
102.9511980000
103.0444060000
103.1121016667
103.1589346667
103.1957530000
103.2278813333
103.2338140000
103.2318260000
103.2134030000
103.1574893333
103.0839346667
103.0083916667
102.9050226667
102.7731130000
102.6320713333
102.4692966667
102.3188000000
102.1669796667
102.0209436667
101.8871633333
101.7817766667
101.6983070000
101.6327150000
101.5913703333
101.5828990000
101.6046403333
101.6339923333
101.6822200000
101.7467086667
101.8255753333
101.9181906667
102.0252810000
102.1496440000
102.2857676667
102.4088360000
102.5323693333
102.6401856667
102.7316803333
102.8012390000
102.8480483333
102.8723973333
102.8813053333
102.8593136667
102.8233253333
102.7806950000
102.7323660000
102.6626270000
102.5858616667
102.4964856667
102.4294976667
102.3919473333
102.3590503333
102.3262326667
102.3056196667
102.2811490000
102.2707666667
102.2605490000
102.2294403333
102.2032490000
102.1742553333
102.1613023333
102.1706966667
102.2028383333
102.2526706667
102.3015596667
102.3514240000
102.3880006667
102.4258096667
102.4468780000
102.4800316667
102.5074713333
102.5307416667
102.5495633333
102.5509453333
102.5415393333
102.5319880000
102.5082106667
102.4680230000
102.4088936667
102.3230256667
102.2277726667
102.1125200000
102.0124696667
101.9238490000
101.8504440000
101.7859153333
101.7502813333
101.7447223333
101.7681126667
101.8193203333
101.9041773333
101.9970736667
102.0966850000
102.2039016667
102.3106526667
102.4272200000
102.5490130000
102.6656840000
102.7652893333
102.8429826667
102.8839606667
102.8981396667
102.8923956667
102.8721306667
102.8377843333
102.7757886667
102.6930333333
102.5991753333
102.4997513333
102.3832123333
102.2614973333
102.1333130000
102.0019990000
101.9053826667
101.8378066667
101.8003476667
101.8031130000
101.8389950000
101.8850393333
101.9578670000
102.0468300000
102.1583536667
102.2506433333
102.3525250000
102.4501116667
102.5296246667
102.5884786667
102.6314223333
102.6571216667
102.6724340000
102.6711270000
102.6411286667
102.5953733333
102.5404093333
102.4536073333
102.3480210000
102.2417766667
102.1316980000
102.0331413333
101.9591850000
101.8864160000
101.8211320000
101.7658196667
101.7213120000
101.6971843333
101.7079696667
101.7459990000
101.8010203333
101.8591786667
101.9191560000
101.9933826667
102.0744990000
102.1556353333
102.2507073333
102.3458743333
102.4072993333
102.4415586667
102.4621343333
102.4747976667
102.4694260000
102.4451910000
102.4146580000
102.3604183333
102.2760126667
102.1776180000
102.0580866667
101.9265386667
101.7895456667
101.6492973333
101.5082660000
101.3585006667
101.2173533333
101.0993203333
100.9994466667
100.9433510000
100.9126830000
100.8961590000
100.9119483333
100.9584223333
101.0390006667
101.1381470000
101.2576073333
101.4050310000
101.5579973333
101.7073610000
101.8595120000
101.9959086667
102.1090136667
102.2024223333
102.2643613333
102.3197143333
102.3476536667
102.3616730000
102.3710343333
102.3578383333
102.3527490000
102.3215010000
102.2801603333
102.2379110000
102.1963513333
102.1625796667
102.1276386667
102.0794460000
102.0264786667
101.9664706667
101.9057983333
101.8468746667
101.7954090000
101.7652230000
101.7457246667
101.7496143333
101.7587420000
101.7753496667
101.7910133333
101.8317566667
101.8698670000
101.9118406667
101.9540830000
101.9978483333
102.0214706667
102.0321990000
102.0358383333
102.0216473333
101.9892136667
101.9566123333
101.9134630000
101.8587373333
101.7981783333
101.7306450000
101.6569426667
101.5808293333
101.5178006667
101.4688080000
101.4217780000
101.3764930000
101.3344480000
101.3056676667
101.2795306667
101.2672840000
101.2688640000
101.2710173333
101.2813480000
101.2881093333
101.3077770000
101.3183450000
101.3298326667
101.3507140000
101.3771126667
101.4037366667
101.4385456667
101.4824390000
101.5123780000
101.5467880000
101.5892410000
101.6191493333
101.6449403333
101.6727193333
101.6726516667
101.6826263333
101.6912863333
101.6921173333
101.6907200000
101.6924646667
101.6833413333
101.6793833333
101.6873640000
101.6997520000
101.7312460000
101.7771990000
101.8288626667
101.8965546667
101.9719260000
102.0528450000
102.1290366667
102.1894010000
102.2379616667
102.2732433333
102.3051496667
102.3236410000
102.3164710000
102.2832993333
102.2451090000
102.2078893333
102.1693756667
102.1150500000
102.0701336667
102.0377500000
101.9926120000
101.9375800000
101.8748243333
101.8030340000
101.7263653333
101.6493353333
101.5838103333
101.5270103333
101.4937730000
101.4685726667
101.4480443333
101.4498470000
101.4668680000
101.4938556667
101.5312333333
101.5706156667
101.6276903333
101.6768920000
101.7351490000
101.8052476667
101.8672693333
101.9421263333
102.0116796667
102.0846586667
102.1558296667
102.2307463333
102.2988056667
102.3739836667
102.4436613333
102.5081870000
102.5673426667
102.6041233333
102.6250790000
102.6387246667
102.6186216667
102.6131313333
102.6044736667
102.5866193333
102.5676846667
102.5557720000
102.5388893333
102.5256200000
102.5282743333
102.5398960000
102.5434186667
102.5540323333
102.5753760000
102.6045283333
102.6243430000
102.6330340000
102.6310120000
102.6116063333
102.5702533333
102.5114930000
102.4483450000
102.3597020000
102.2495180000
102.1297803333
102.0068566667
101.8790763333
101.7698220000
101.6692746667
101.5741823333
101.4895850000
101.4233490000
101.3791210000
101.3605420000
101.3620350000
101.3683643333
101.3835676667
101.4163806667
101.4630306667
101.5152750000
101.5813983333
101.6448956667
101.7098790000
101.7779373333
101.8454886667
101.9190960000
102.0010356667
102.0862576667
102.1793503333
102.2638113333
102.3523700000
102.4179650000
102.4962543333
102.5790786667
102.6715656667
102.7467170000
102.8152766667
102.8890216667
102.9500526667
102.9864553333
103.0070173333
103.0196736667
103.0086856667
102.9708496667
102.9227356667
102.8569950000
102.7734246667
102.6654986667
102.5408870000
102.4162290000
102.3025016667
102.1768953333
102.0625503333
101.9641866667
101.9007080000
101.8556293333
101.8319376667
101.8345963333
101.8675083333
101.9325233333
102.0022770000
102.0724080000
102.1234266667
102.1703986667
102.2091206667
102.2513893333
102.2887396667
102.3266273333
102.3460926667
102.3549733333
102.3514313333
102.3318746667
102.2943353333
102.2364886667
102.1644803333
102.0953303333
102.0067530000
101.8959330000
101.7843503333
101.6669726667
101.5626896667
101.4766423333
101.4016853333
101.3648036667
101.3438546667
101.3428583333
101.3674013333
101.4132040000
101.4798170000
101.5660343333
101.6614513333
101.7833383333
101.8951906667
102.0085140000
102.1226046667
102.2180276667
102.3141296667
102.3833126667
102.4518680000
102.5254326667
102.6001896667
102.6703086667
102.7449613333
102.8061590000
102.8539506667
102.8747446667
102.8691343333
102.8348096667
102.7689230000
102.7070180000
102.6394143333
102.5580560000
102.4849333333
102.4163246667
102.3481486667
102.2829026667
102.2456033333
102.2464663333
102.2693330000
102.3341860000
102.4038130000
102.4864650000
102.5846423333
102.6858160000
102.7769093333
102.8748056667
102.9848553333
103.0709003333
103.1212640000
103.1369386667
103.1257290000
103.1067096667
103.0658160000
102.9968583333
102.9086056667
102.7983156667
102.6701160000
102.5263406667
102.3746200000
102.2257263333
102.0984133333
101.9745143333
101.8826513333
101.8129470000
101.7797680000
101.7937813333
101.8509880000
101.9419400000
102.0530063333
102.1837886667
102.3250796667
102.4679916667
102.5992656667
102.7182233333
102.8253386667
102.9201250000
102.9899286667
103.0244523333
103.0364200000
103.0334486667
103.0017716667
102.9516296667
102.8918320000
102.8165160000
102.7375056667
102.6601816667
102.5737673333
102.4838710000
102.4114130000
102.3600863333
102.3221406667
102.2853880000
102.2539460000
102.2210750000
102.1990183333
102.1854776667
102.1905183333
102.2109996667
102.2399046667
102.2620286667
102.2801226667
102.3068593333
102.3355250000
102.3689190000
102.3859426667
102.4076513333
102.4285663333
102.4319723333
102.4312306667
102.4224923333
102.4032383333
102.3741216667
102.3349533333
102.2742660000
102.1996093333
102.1102110000
101.9994706667
101.8790406667
101.7614513333
101.6389803333
101.5343986667
101.4482310000
101.3992013333
101.3887860000
101.4266140000
101.4828000000
101.5740850000
101.6932266667
101.8045200000
101.9120463333
102.0436683333
102.1710246667
102.2827643333
102.3868063333
102.4727640000
102.5222143333
102.5588850000
102.5789016667
102.5777300000
102.5508840000
102.5151950000
102.4504700000
102.3726156667
102.2915956667
102.2157780000
102.1591520000
102.1058993333
102.0690726667
102.0271263333
102.0014320000
101.9865596667
101.9647686667
101.9423863333
101.9163690000
101.8905003333
101.8844886667
101.8746390000
101.8661193333
101.8570000000
101.8407516667
101.8177306667
101.7936233333
101.7534343333
101.7193930000
101.6844233333
101.6491300000
101.5997573333
101.5581610000
101.5068996667
101.4772500000
101.4687900000
101.4641386667
101.4799433333
101.5125073333
101.5615853333
101.6325843333
101.7331220000
101.8661750000
102.0035583333
102.1638730000
102.3320813333
102.4924110000
102.6280350000
102.7468543333
102.8359400000
102.8982676667
102.9010233333
102.8823543333
102.8668713333
102.8180626667
102.7600126667
102.6911023333
102.6164500000
102.5237170000
102.4313123333
102.3296786667
102.2158393333
102.1087203333
102.0125373333
101.9231963333
101.8448790000
101.7636860000
101.6961446667
101.6538563333
101.6322293333
101.6282763333
101.6480343333
101.6835020000
101.7347340000
101.7923426667
101.8645460000
101.9524950000
102.0440213333
102.1323683333
102.2111173333
102.2834400000
102.3531066667
102.3928563333
102.3962163333
102.3893256667
102.3776890000
102.3423346667
102.2842950000
102.2411720000
102.1686273333
102.0796786667
101.9758753333
101.8664990000
101.7382873333
101.6175733333
101.5076480000
101.4063210000
101.3454530000
101.3033636667
101.2996253333
101.3300556667
101.3983100000
101.5028540000
101.6208180000
101.7500046667
101.8776220000
102.0033216667
102.1358846667
102.2598160000
102.3734360000
102.4657396667
102.5480186667
102.6186646667
102.6690836667
102.6633966667
102.6303153333
102.5657956667
102.4655046667
102.3562563333
102.2474936667
102.1298956667
102.0317763333
101.9556280000
101.9121753333
101.9040950000
101.9148993333
101.9476753333
101.9860263333
102.0316103333
102.0899066667
102.1498720000
102.2336270000
102.3132666667
102.3754336667
102.4269760000
102.4684756667
102.4891283333
102.4941033333
102.4877440000
102.4626233333
102.4020190000
102.3341966667
102.2553820000
102.1591106667
102.0592370000
101.9524173333
101.8733303333
101.7935153333
101.7226816667
101.6836816667
101.6696623333
101.6885200000
101.7429240000
101.8200783333
101.9228056667
102.0600756667
102.2174423333
102.3755856667
102.5339876667
102.6814756667
102.8390176667
102.9813416667
103.1002286667
103.2076513333
103.3033756667
103.3865196667
103.4285243333
103.4401610000
103.4098023333
103.3448980000
103.2389180000
103.1027606667
102.9503283333
102.7811430000
102.6030930000
102.4279190000
102.2828976667
102.1488473333
102.0534340000
101.9832873333
101.9310283333
101.9151440000
101.9276623333
101.9646590000
102.0326160000
102.1300523333
102.2604660000
102.4089640000
102.5685040000
102.7064240000
102.8330636667
102.9444833333
103.0486226667
103.1316633333
103.2087643333
103.2548900000
103.2822806667
103.3018886667
103.2970823333
103.2654826667
103.2181743333
103.1644750000
103.1184533333
103.0840583333
103.0572393333
103.0407586667
103.0311823333
103.0269063333
103.0375556667
103.0406366667
103.0369916667
103.0324336667
103.0221970000
102.9994673333
102.9693280000
102.9333676667
102.8916906667
102.8357920000
102.7724253333
102.7166760000
102.6611740000
102.5950486667
102.5297443333
102.4542610000
102.3762390000
102.3221470000
102.2888813333
102.2563760000
102.2366000000
102.2477406667
102.2748203333
102.3245240000
102.4040556667
102.5109030000
102.6394356667
102.7757816667
102.9346826667
103.0988473333
103.2704973333
103.4569773333
103.6463170000
103.8161316667
103.9858063333
104.1242673333
104.2439476667
104.3218830000
104.3633696667
104.3598316667
104.3282510000
104.2522543333
104.1284470000
103.9701820000
103.7625870000
103.5386686667
103.3107550000
103.0859150000
102.8744003333
102.6835863333
102.4973643333
102.3616993333
102.2482436667
102.1757486667
102.1284756667
102.1075850000
102.1070750000
102.1267053333
102.1666113333
102.2098743333
102.2522236667
102.2925220000
102.3292783333
102.3462693333
102.3519140000
102.3435773333
102.3224460000
102.2976566667
102.2612436667
102.2096703333
102.1283003333
102.0429046667
101.9650796667
101.8982740000
101.8238536667
101.7492186667
101.6862270000
101.6351503333
101.5859060000
101.5519770000
101.5353806667
101.5520096667
101.5903846667
101.6580640000
101.7534263333
101.8745290000
102.0282903333
102.2060130000
102.3887496667
102.5681350000
102.7275050000
102.8709470000
103.0083116667
103.1421450000
103.2572733333
103.3320343333
103.3909586667
103.4120383333
103.4151476667
103.3945140000
103.3749530000
103.3341683333
103.2852080000
103.2150083333
103.1377783333
103.0512173333
102.9691483333
102.8856043333
102.8014673333
102.7287656667
102.6611193333
102.5979130000
102.5558303333
102.5105640000
102.4876906667
102.4910186667
102.5002743333
102.5279866667
102.5788806667
102.6493620000
102.7400443333
102.8391360000
102.9216056667
102.9825833333
103.0308793333
103.0629456667
103.0667456667
103.0666203333
103.0135156667
102.9504366667
102.8827846667
102.8134920000
102.7182310000
102.6215046667
102.5122506667
102.4046540000
102.2823136667
102.1695453333
102.0583523333
101.9515646667
101.8761263333
101.8077063333
101.7374033333
101.6776866667
101.6394503333
101.6208703333
101.6064053333
101.6257433333
101.6729490000
101.7475960000
101.8514886667
101.9812630000
102.1175206667
102.2478640000
102.3823703333
102.4911686667
102.5934546667
102.6863713333
102.7691803333
102.8293543333
102.8440500000
102.8396126667
102.8253076667
102.7879213333
102.7245180000
102.6579183333
102.5821033333
102.5200116667
102.4725630000
102.4495293333
102.4498940000
102.4649623333
102.4714016667
102.4832493333
102.4852926667
102.4736926667
102.4399930000
102.3872896667
102.3204086667
102.2429313333
102.1690743333
102.0835470000
101.9996943333
101.9023153333
101.8100010000
101.7128273333
101.6252676667
101.5595453333
101.5143883333
101.4956890000
101.5061783333
101.5416790000
101.5986226667
101.6762396667
101.7899593333
101.9380493333
102.1111303333
102.3215416667
102.5339676667
102.7415676667
102.9492996667
103.1438853333
103.3164003333
103.4373616667
103.5323270000
103.6149776667
103.6548393333
103.6733510000
103.6625983333
103.6246696667
103.5573353333
103.4746000000
103.3949380000
103.2773480000
103.1309230000
102.9725736667
102.8252930000
102.6812830000
102.5537433333
102.4485450000
102.3681513333
102.3067243333
102.2828253333
102.2864536667
102.3130060000
102.3616140000
102.4218363333
102.5019246667
102.6001260000
102.6987280000
102.7885893333
102.8704676667
102.9668490000
103.0390043333
103.1224036667
103.2106896667
103.2694773333
103.3187236667
103.3459066667
103.3499786667
103.3138596667
103.2521836667
103.1594213333
103.0585056667
102.9298963333
102.8027510000
102.6738960000
102.5780880000
102.4879570000
102.4050986667
102.3269876667
102.2448860000
102.1706366667
102.1021456667
102.0437483333
102.0193866667
