-95.3620201300
-95.3344523000
-95.2523839300
-95.1207095000
-94.9350549100
-94.7064650000
-94.4356999900
-94.1404356200
-93.8338404200
-93.5187520200
-93.2126353800
-92.9151319400
-92.6604546700
-92.4351606500
-92.2674577500
-92.1363922200
-92.0303496700
-91.9696553700
-91.9463342900
-91.9485675000
-91.9889780700
-92.0579957100
-92.1441216300
-92.2321139500
-92.3013634000
-92.3536518100
-92.3760395300
-92.3815700300
-92.3734015000
-92.3494472500
-92.3085648300
-92.2609139800
-92.2136230400
-92.1671639600
-92.1191328300
-92.1097421800
-92.1176231300
-92.1466260500
-92.1859936000
-92.2266376700
-92.2764980000
-92.3432881600
-92.4213709500
-92.5079298000
-92.5899164700
-92.6618970800
-92.7195618300
-92.7654740200
-92.8067779000
-92.8461030100
-92.8706769600
-92.8884759800
-92.9021284100
-92.9030129900
-92.8858156500
-92.8456879400
-92.7963868400
-92.7343300800
-92.6675387000
-92.6047660800
-92.5477169900
-92.4978739800
-92.4559003800
-92.4317127500
-92.4270155000
-92.4377008300
-92.4516143300
-92.4675011600
-92.4874705900
-92.5128136400
-92.5420228600
-92.5793572600
-92.5995239600
-92.6256908000
-92.6460745700
-92.6542421900
-92.6550640700
-92.6596181400
-92.6591231200
-92.6547509800
-92.6386081200
-92.6151150300
-92.5711571000
-92.5176784800
-92.4556909300
-92.3872003700
-92.3124777900
-92.2393749200
-92.1745820300
-92.1031695400
-92.0527867100
-91.9932088900
-91.9421964000
-91.9096328200
-91.8986205400
-91.9012065900
-91.9294728800
-91.9746747100
-92.0222165500
-92.0676209400
-92.1299752200
-92.2062433300
-92.2819501800
-92.3643490400
-92.4486415400
-92.5252359700
-92.5944025600
-92.6590083200
-92.6979885800
-92.7300446800
-92.7507368900
-92.7637553700
-92.7653384100
-92.7514385900
-92.7366865600
-92.7108663700
-92.6818551700
-92.6472924800
-92.6145165800
-92.5883902000
-92.5614646400
-92.5249094100
-92.5006062600
-92.4759996400
-92.4625199400
-92.4440331300
-92.4136821000
-92.3710663800
-92.3238174400
-92.2742340700
-92.2302703200
-92.1882733500
-92.1326922600
-92.0586636800
-91.9828946600
-91.8962565700
-91.8098263800
-91.7344823200
-91.6669632100
-91.6038508100
-91.5663381000
-91.5465015300
-91.5330983000
-91.5434062600
-91.5590354900
-91.5964954700
-91.6425172500
-91.7045380700
-91.7597681600
-91.8178292900
-91.8775999300
-91.9157304700
-91.9477559000
-91.9637240800
-91.9677266300
-91.9659982700
-91.9812387100
-92.0032403100
-92.0201219300
-92.0288555700
-92.0412816500
-92.0511959900
-92.0520783900
-92.0578859200
-92.0445954700
-92.0352931300
-92.0236490600
-92.0073537200
-92.0027788300
-91.9933539400
-91.9978122200
-92.0162475800
-92.0477113900
-92.0817017200
-92.1160534900
-92.1555820100
-92.1950746100
-92.2352252100
-92.2777846100
-92.3146615500
-92.3359882700
-92.3385746500
-92.3312778800
-92.3203546800
-92.3049218500
-92.2566967100
-92.2061057200
-92.1459095700
-92.0784611600
-92.0080531900
-91.9396262000
-91.8691375200
-91.8079454600
-91.7413868500
-91.6903436900
-91.6578194400
-91.6327816200
-91.6063319800
-91.6156896900
-91.6337035700
-91.6692220400
-91.7128313000
-91.7579936400
-91.7954803700
-91.8243391800
-91.8339017200
-91.8205555300
-91.7907318300
-91.7514567700
-91.7128866000
-91.6493966900
-91.5672537500
-91.4632453000
-91.3416533700
-91.2150178500
-91.0800924400
-90.9560543100
-90.8580281300
-90.7681662600
-90.7090608100
-90.7005794100
-90.7444184600
-90.8154504200
-90.8850248900
-90.9635028400
-91.0406010400
-91.1409192000
-91.2549339300
-91.3763445100
-91.4775104500
-91.5514020600
-91.6341310800
-91.7123551800
-91.7755206900
-91.8289446500
-91.8549620300
-91.8767839000
-91.8915224400
-91.9055329700
-91.9351265600
-91.9392349100
-91.9311591400
-91.9189108000
-91.9185700100
-91.9068848500
-91.8719764800
-91.8063889300
-91.7217311000
-91.6162899700
-91.4811596700
-91.3346374300
-91.1874791900
-91.0348181600
-90.8780876900
-90.7231892300
-90.5872037600
-90.4801369700
-90.3995228700
-90.3525082400
-90.3169049200
-90.3287712900
-90.3725517600
-90.4346690800
-90.5199805000
-90.6368902600
-90.7625314600
-90.9061500700
-91.0290222400
-91.1593912000
-91.2872562600
-91.4103551100
-91.5305030500
-91.6341842900
-91.7382439600
-91.8291153600
-91.8958558400
-91.9532098900
-91.9958608500
-92.0060208800
-92.0074888900
-92.0095898800
-91.9900547700
-91.9787870600
-91.9527510800
-91.9352574700
-91.9043354200
-91.8868512400
-91.8886533600
-91.8901800200
-91.8960844000
-91.9115370200
-91.9079629200
-91.9003870400
-91.8754873700
-91.8540218300
-91.8194497700
-91.7882601600
-91.7504020900
-91.7190225500
-91.6899443500
-91.6831512800
-91.6773709900
-91.6867744200
-91.7227317100
-91.7744752500
-91.8199716300
-91.8801440300
-91.9437074900
-92.0062754300
-92.0642843800
-92.1179681900
-92.1707901800
-92.2163249500
-92.2844672100
-92.3488704600
-92.3946411700
-92.4350368400
-92.4544246300
-92.4654722200
-92.4691204400
-92.4668561300
-92.4544497200
-92.4290708300
-92.3789872100
-92.3233648600
-92.2506817100
-92.1741319600
-92.1089184700
-92.0368784900
-91.9697817400
-91.9208302100
-91.8667924700
-91.8250371500
-91.7867078100
-91.7670347800
-91.7625124200
-91.7490324400
-91.7411622200
-91.7496062600
-91.7702906500
-91.7883143800
-91.8212561900
-91.8525315600
-91.8789498200
-91.8876833400
-91.8901585600
-91.8867119100
-91.8718480000
-91.8473481800
-91.8160011800
-91.7897612300
-91.7609562800
-91.7335326600
-91.7033526800
-91.6762284100
-91.6417218600
-91.5978039600
-91.5624138500
-91.5362378900
-91.5441621300
-91.5757798800
-91.6190608100
-91.6808240400
-91.7350659000
-91.7970279300
-91.8551105400
-91.9235420700
-91.9935536700
-92.0526862400
-92.1109492800
-92.1772900200
-92.2295610400
-92.2922773900
-92.3237578000
-92.3301729600
-92.3050164800
-92.2751537200
-92.2342773500
-92.1867940200
-92.1328378100
-92.0881734100
-92.0390071800
-92.0034590300
-91.9751595600
-91.9381503200
-91.8996156800
-91.8678531100
-91.8435383500
-91.8362997600
-91.8348659300
-91.8545520600
-91.8704892100
-91.9052711100
-91.9287027100
-91.9576693900
-91.9886849900
-92.0201385100
-92.0566942300
-92.1136495800
-92.1490542900
-92.1702231000
-92.1750715200
-92.1702684100
-92.1747752600
-92.1816955200
-92.1874040100
-92.1820282400
-92.1672036400
-92.1400584400
-92.1059292400
-92.0547587300
-92.0020955300
-91.9380656300
-91.8554277300
-91.7511479100
-91.6409780500
-91.5312315100
-91.4160097200
-91.3109144400
-91.2262378900
-91.1655619000
-91.1187723300
-91.0845989500
-91.0606667000
-91.0448117200
-91.0495332500
-91.0641395600
-91.1049718500
-91.1466331900
-91.2034950500
-91.2812125200
-91.3651281300
-91.4489433100
-91.5311519000
-91.6222406400
-91.7149318100
-91.7741829400
-91.8306469200
-91.8974751900
-91.9487557200
-91.9844914800
-92.0039661200
-92.0120122600
-92.0120301200
-92.0103988200
-91.9974757500
-91.9732975800
-91.9323018800
-91.8945908900
-91.8590473900
-91.8417234900
-91.8283021200
-91.8073503200
-91.7852533800
-91.7443321600
-91.6994424600
-91.6415005900
-91.5602089400
-91.4769360300
-91.4141379500
-91.3774451700
-91.3296264600
-91.2741314500
-91.2270925800
-91.1940059500
-91.1723701900
-91.1715841100
-91.1631671200
-91.1564727900
-91.1445567300
-91.1494134000
-91.1443781700
-91.1445494700
-91.1383884200
-91.1477514600
-91.1638353700
-91.2026801200
-91.2466237500
-91.2797634600
-91.3082433600
-91.3351363000
-91.3470903800
-91.3358831500
-91.3264899000
-91.3238142500
-91.3131688600
-91.2912746000
-91.2624022000
-91.2484251100
-91.2228127300
-91.1934902500
-91.1611194300
-91.1171445000
-91.0866129100
-91.0377467000
-91.0037503000
-90.9815224800
-90.9542341600
-90.9163714500
-90.8863056800
-90.8635163400
-90.8355849600
-90.8287657800
-90.8217993000
-90.8370584200
-90.8654299900
-90.8998760000
-90.9550125100
-91.0238228700
-91.0928975600
-91.1520052200
-91.2211376400
-91.2937078400
-91.3760698100
-91.4591463800
-91.5533739400
-91.6183810000
-91.6750254700
-91.7193607900
-91.7476869300
-91.7703134000
-91.7832362200
-91.7563973300
-91.7218863400
-91.6857527700
-91.6509962700
-91.6149063100
-91.5650028900
-91.5114053200
-91.4421572600
-91.3712738400
-91.2801366200
-91.1930950600
-91.1116369300
-91.0351765400
-90.9831086500
-90.9516556300
-90.9341135700
-90.9242385200
-90.9394916900
-90.9774835600
-91.0495483700
-91.1361724600
-91.2387731100
-91.3426043600
-91.4441527400
-91.5540996100
-91.6607565300
-91.7579621800
-91.8314089300
-91.8808121600
-91.9135500100
-91.9357914700
-91.9460081600
-91.9356206500
-91.8937584000
-91.8390441600
-91.7713085600
-91.6980433400
-91.6155463400
-91.5541535400
-91.4982953600
-91.4478660100
-91.4002428000
-91.3466880100
-91.3087651000
-91.2754124400
-91.2700671100
-91.2656220900
-91.2470648400
-91.2231818400
-91.2038053700
-91.1551428800
-91.0927442600
-91.0206530900
-90.9177670200
-90.8000632700
-90.7034135500
-90.6194182800
-90.5306562000
-90.4533617000
-90.4009095100
-90.3725869100
-90.3927600900
-90.4504374000
-90.5570907800
-90.6800025000
-90.8309928800
-91.0108001800
-91.2183279000
-91.4376779100
-91.6380632000
-91.8165372700
-91.9706816900
-92.0978774500
-92.2049822300
-92.2832386000
-92.3152609300
-92.3234141600
-92.2942986400
-92.2346789700
-92.1488019500
-92.0388496400
-91.9073608600
-91.7430946400
-91.5760266700
-91.4093373700
-91.2352661300
-91.0555347100
-90.8929989300
-90.7073983700
-90.5210454000
-90.3618081800
-90.2144617600
-90.0843940300
-89.9658031100
-89.8722079900
-89.8045648400
-89.7454459500
-89.7457855500
-89.7897000900
-89.8881676500
-89.9910115400
-90.1041024500
-90.2327556700
-90.3848275000
-90.5136943100
-90.6604717700
-90.7970167300
-90.9092887600
-90.9924239800
-91.0600549400
-91.1093782700
-91.1187321900
-91.1145849000
-91.0879221200
-91.0605785600
-91.0281124700
-91.0052405300
-90.9879850800
-90.9565283900
-90.9306695600
-90.8984917500
-90.8710569700
-90.8444363400
-90.8324733200
-90.8121747900
-90.7977682600
-90.7821207600
-90.7519592600
-90.6862857600
-90.6172874500
-90.5427632500
-90.4618395800
-90.3895023000
-90.3159343900
-90.2499297700
-90.1755746000
-90.1148138200
-90.0732371600
-90.0563745000
-90.0773134700
-90.1207823700
-90.1651826500
-90.1999041400
-90.2395562600
-90.2638299500
-90.2876903200
-90.3016422200
-90.3136009500
-90.3453482800
-90.3580418400
-90.3699042800
-90.3780296400
-90.3920021100
-90.3844022200
-90.3778082300
-90.3746353000
-90.3835476400
-90.4037271300
-90.4258621300
-90.4373186800
-90.4526047500
-90.4769948500
-90.5009770900
-90.5183399100
-90.5473826300
-90.5583358900
-90.5763680000
-90.5931716300
-90.6052159700
-90.6151065200
-90.6188516200
-90.6060114300
-90.5747391300
-90.5656723500
-90.5569703100
-90.5417650200
-90.5270477200
-90.5472504300
-90.5786748300
-90.6157042800
-90.6695269200
-90.7339826200
-90.8175315800
-90.9136076900
-91.0342582900
-91.1484460500
-91.2516404800
-91.3528522400
-91.4411901700
-91.5130626800
-91.5599414700
-91.5936549800
-91.5843487300
-91.5527947300
-91.4908309100
-91.4061889000
-91.3015559400
-91.1670452100
-90.9898814500
-90.7902720200
-90.5751956500
-90.3706972300
-90.1715495200
-89.9904018300
-89.8400585900
-89.7238946600
-89.6842413400
-89.7022074100
-89.7795136600
-89.9044259800
-90.0734641400
-90.2878727600
-90.5105866100
-90.7493215400
-91.0201949800
-91.2715276800
-91.5217138700
-91.7344951200
-91.9187707600
-92.0512266300
-92.1748925800
-92.2557361600
-92.3025258800
-92.2869365700
-92.2101502300
-92.0703400000
-91.8810030700
-91.6642806300
-91.4137965600
-91.1654232400
-90.9156558000
-90.7005426100
-90.5195283500
-90.3739012400
-90.2812682800
-90.2680323200
-90.3073871900
-90.3846189600
-90.4938843000
-90.6306655300
-90.7828790600
-90.9242744200
-91.0702493300
-91.1888829500
-91.2830019300
-91.3492120800
-91.3709836700
-91.3649427800
-91.3126923500
-91.2263830000
-91.1230453900
-90.9956706800
-90.8633682600
-90.7231313800
-90.5980057600
-90.4966700300
-90.4098460100
-90.3611726600
-90.3352379100
-90.3401383900
-90.3809447800
-90.4554745900
-90.5393174400
-90.6386157800
-90.7539413200
-90.8771448400
-90.9973498400
-91.1215034600
-91.2328190800
-91.3409070200
-91.4482789000
-91.5471980200
-91.6257588800
-91.7050819400
-91.7626486900
-91.7946436100
-91.8143869500
-91.8181906300
-91.8057089400
-91.7639948400
-91.7116843100
-91.6401234800
-91.5497000700
-91.4603729100
-91.3750934400
-91.2965449900
-91.2096756600
-91.1217396800
-91.0424583000
-90.9808393200
-90.9217442700
-90.9234950300
-90.9346408500
-90.9683991500
-91.0223932100
-91.0743495600
-91.1115397200
-91.1490413500
-91.1989686600
-91.2367153900
-91.2803795800
-91.3296086000
-91.3541051400
-91.3562127200
-91.3411297500
-91.2912268700
-91.2046232700
-91.1172630800
-91.0230337400
-90.9174586700
-90.7961545400
-90.6625150600
-90.5508758300
-90.4454951500
-90.3344994900
-90.2493701400
-90.1927826400
-90.1606619000
-90.1579017800
-90.1677111600
-90.1969102000
-90.2435195800
-90.3083995400
-90.3972456100
-90.4975561500
-90.5968229000
-90.6886063700
-90.7995175800
-90.9171313900
-91.0099789100
-91.1154122800
-91.2105531600
-91.2955922100
-91.3695176500
-91.4405963400
-91.4990289000
-91.5339239700
-91.5542951400
-91.5731380100
-91.5592015200
-91.5190067900
-91.4642281100
-91.3875104000
-91.3085401000
-91.2179989800
-91.1327782300
-91.0626375400
-90.9971331600
-90.9369590700
-90.8954705600
-90.8724094100
-90.8586489900
-90.8632980000
-90.8820963600
-90.9141263900
-90.9692365600
-91.0392600500
-91.1049469700
-91.1835835700
-91.2703602000
-91.3653045800
-91.4719471200
-91.5974934300
-91.7265959800
-91.8417512600
-91.9418103400
-92.0298595800
-92.1021192500
-92.1633994300
-92.2065457400
-92.2308586300
-92.2309809800
-92.2106758100
-92.1765631100
-92.1260045700
-92.0772386700
-92.0250755400
-91.9757767600
-91.9294931100
-91.8793062800
-91.8168545000
-91.7503917400
-91.6875378600
-91.6466063400
-91.6246463100
-91.6101993500
-91.6215986000
-91.6319467300
-91.6604416500
-91.7062114600
-91.7529928300
-91.7974571000
-91.8537546400
-91.9057927200
-91.9483318400
-91.9778730000
-92.0245542000
-92.0642188400
-92.0968173200
-92.1170087600
-92.1282162100
-92.1335145800
-92.1380558000
-92.1443499800
-92.1311821600
-92.0893826500
-92.0183418600
-91.9396458100
-91.8192539300
-91.6731043700
-91.5081043500
-91.3306225300
-91.1641930400
-91.0000116700
-90.8589014000
-90.7412257500
-90.6267654700
-90.5324534700
-90.4562176400
-90.4104488600
-90.3830407100
-90.3917466400
-90.4270147800
-90.4646070400
-90.5026558600
-90.5363520100
-90.5655843900
-90.5958322600
-90.6344572000
-90.6656299000
-90.6864592000
-90.7074351100
-90.7439911800
-90.7841379200
-90.8205066400
-90.8746040900
-90.9297708300
-90.9953758000
-91.0674866800
-91.1550490600
-91.2529287100
-91.3589092100
-91.4594825700
-91.5485043500
-91.6274491300
-91.6957153600
-91.7393334800
-91.7656761800
-91.7708466100
-91.7465218000
-91.7054995800
-91.6463242800
-91.5756473700
-91.5028628600
-91.4074786800
-91.3021621200
-91.1900427800
-91.0754796800
-90.9567285400
-90.8535209100
-90.7534569100
-90.6794774900
-90.6274848300
-90.5854829300
-90.5492897200
-90.5443198800
-90.5477455800
-90.5705415300
-90.6338213500
-90.7175755900
-90.8038729900
-90.9192623500
-91.0679522800
-91.2268206800
-91.4079967400
-91.5757949700
-91.7426403200
-91.9027582700
-92.0464676100
-92.1578534600
-92.2466455500
-92.3186615400
-92.3635718300
-92.3769288800
-92.3601217200
-92.3352043000
-92.2899129900
-92.2272874500
-92.1482843800
-92.0567164600
-91.9499539600
-91.8259764500
-91.6888856500
-91.5665847300
-91.4450704500
-91.3393656800
-91.2503165100
-91.1851311800
-91.1400809300
-91.1194342300
-91.1139051300
-91.1391272900
-91.1784558300
-91.2208782000
-91.2657142600
-91.3278133900
-91.3927764400
-91.4655213900
-91.5142330000
-91.5314145200
-91.5435356200
-91.5523233300
-91.5505656300
-91.5546635000
-91.5492784600
-91.5487635800
-91.5715356700
-91.5908592700
-91.6163466800
-91.6306809700
-91.6281063100
-91.6065861200
-91.5717308400
-91.5388681400
-91.5051534200
-91.4858355600
-91.4660135800
-91.4584439400
-91.4389864600
-91.4240374600
-91.4126896600
-91.4044756000
-91.4118894900
-91.4300514500
-91.4458262900
-91.4737751100
-91.5193907300
-91.5812624300
-91.6682327700
-91.7619295900
-91.8709667400
-91.9598294200
-92.0307670900
-92.0843027400
-92.1258570600
-92.1394826700
-92.1261385300
-92.0912140600
-92.0346727200
-91.9498715800
-91.8629926400
-91.7727560800
-91.6750347100
-91.5771349200
-91.4682777600
-91.3535546600
-91.2415658600
-91.1456848200
-91.0696387500
-91.0312324000
-91.0213431100
-91.0283362700
-91.0470341700
-91.0778441600
-91.1356877800
-91.2084522100
-91.2898832900
-91.3749989400
-91.4760407400
-91.5806635000
-91.6874941100
-91.7963992800
-91.8740239400
-91.9255157400
-91.9496922400
-91.9385245200
-91.9000230200
-91.8545058400
-91.7870418500
-91.7064636000
-91.6036898500
-91.5242413600
-91.4381849700
-91.3549955400
-91.2899188200
-91.2473638700
-91.2195076200
-91.2059849800
-91.2071281800
-91.2236929700
-91.2739700300
-91.3421556500
-91.4178203300
-91.5248536900
-91.6475324000
-91.7644780100
-91.8814674700
-91.9824191500
-92.0557768200
-92.1260271600
-92.1855183800
-92.2317996500
-92.2663567200
-92.2809148200
-92.2611736100
-92.2137587100
-92.1512544600
-92.0864283500
-92.0214704400
-91.9436044200
-91.8591743300
-91.7734225900
-91.6758317500
-91.5769588400
-91.5109501400
-91.4721743700
-91.4459377600
-91.4274604900
-91.4263433200
-91.4434873700
-91.4648489500
-91.5116723800
-91.5915181900
-91.6846386400
-91.8016109100
-91.9304195800
-92.0639435800
-92.2002955000
-92.3342570000
-92.4777285500
-92.6158041200
-92.7269994400
-92.8193527700
-92.8680464400
-92.8915850500
-92.8993599800
-92.8757124000
-92.8248031500
-92.7460379800
-92.6516365100
-92.5381161800
-92.3958378800
-92.2470755700
-92.1013652500
-91.9535603000
-91.8210578300
-91.7103220800
-91.6223726800
-91.5633905600
-91.5071262600
-91.4784100000
-91.4613553500
-91.4473045300
-91.4542186500
-91.4510895000
-91.4726033900
-91.5046944600
-91.5362724800
-91.5681981100
-91.5945296200
-91.6230387200
-91.6652222200
-91.7171341700
-91.7752138600
-91.8354886900
-91.8955984700
-91.9455806600
-91.9761903300
-91.9968229000
-91.9950254200
-91.9887523600
-91.9714604200
-91.9546553900
-91.9122549400
-91.8690763300
-91.8263260600
-91.7817466700
-91.7345731500
-91.7073829400
-91.6924948500
-91.6817652500
-91.6913283800
-91.7167762800
-91.7426284100
-91.7808971900
-91.8338953100
-91.8962008500
-91.9671502700
-92.0489076500
-92.1373591600
-92.2157306100
-92.2852565400
-92.3570819900
-92.4279539300
-92.4962919500
-92.5538837800
-92.6107819900
-92.6514139400
-92.6761110800
-92.6964807500
-92.7048635000
-92.7123968100
-92.7056500200
-92.7030282000
-92.7013613600
-92.6868448600
-92.6657127500
-92.6406563700
-92.6078650900
-92.5634687500
-92.5288921600
-92.4858524600
-92.4351707800
-92.3885873900
-92.3438979400
-92.2944585400
-92.2726035300
-92.2415086100
-92.2128228700
-92.1978103500
-92.1878918900
-92.1720208600
-92.1658959700
-92.1535574100
-92.1294289400
-92.0985933600
-92.0537208600
-91.9943811000
-91.9294963300
-91.8531394000
-91.7717797700
-91.6896540500
-91.6140568600
-91.5584631600
-91.5133364900
-91.4828367600
-91.4566216000
-91.4410021900
-91.4495463600
-91.4852169200
-91.5230650800
-91.5597341900
-91.5989289800
-91.6535933800
-91.7007353900
-91.7378912700
-91.7881011200
-91.8494276700
-91.9192080500
-91.9988361700
-92.0798023400
-92.1602022700
-92.2286395400
-92.2873176100
-92.3202477800
-92.3436485400
-92.3574901000
-92.3497497400
-92.3267393100
-92.2921000600
-92.2534273700
-92.2128734600
-92.1602520500
-92.1142529100
-92.0630473100
-92.0012855600
-91.9496812600
-91.8851502800
-91.8234708700
-91.7598272400
-91.6966222200
-91.6268820600
-91.5604406200
-91.4864353700
-91.4182466700
-91.3528193600
-91.2912072600
-91.2514581400
-91.2282852400
-91.2128598600
-91.2290936200
-91.2305301400
-91.2358810500
-91.2470440000
-91.2625197000
-91.2739327100
-91.2893396100
-91.3026487700
-91.3038792800
-91.2939629000
-91.2911247800
-91.2831186800
-91.2660751900
-91.2411063800
-91.2257851500
-91.2249728900
-91.2417260700
-91.2746181900
-91.3296009700
-91.4036688800
-91.4820269000
-91.5856271100
-91.7086852400
-91.8368516900
-91.9648119800
-92.0937757000
-92.2046329700
-92.3032699300
-92.3945562200
-92.4713545100
-92.5247789000
-92.5569296500
-92.5615672800
-92.5428764600
-92.5192331500
-92.4853562500
-92.4331439500
-92.3656587400
-92.2931997800
-92.2116259100
-92.1333696200
-92.0564279400
-91.9792990000
-91.9063236800
-91.8293735500
-91.7502914900
-91.6691396000
-91.5834630700
-91.5092042400
-91.4290416500
-91.3716067800
-91.2978635000
-91.2152843500
-91.1182072100
-91.0300963100
-90.9439258500
-90.8461854100
-90.7562663000
-90.6919596700
-90.6466417800
-90.6101232500
-90.5993015900
-90.6193765800
-90.6487148400
-90.6974378700
-90.7663730300
-90.8609964100
-90.9734869200
-91.0893860700
-91.1954502100
-91.3184669800
-91.4358633200
-91.5403114700
-91.6168313400
-91.6778596500
-91.7243700500
-91.7470998600
-91.7481502000
-91.7231439300
-91.6953241700
-91.6688652500
-91.6564525400
-91.6468620100
-91.6417712700
-91.6293306900
-91.6173413400
-91.6002068900
-91.5975670700
-91.5997397700
-91.6107632700
-91.6344024800
-91.6762079400
-91.7391161200
-91.8128934000
-91.8816938900
-91.9677113300
-92.0712789100
-92.1685919400
-92.2648509700
-92.3453156800
-92.4039963000
-92.4479386600
-92.4513129000
-92.4371285400
-92.4089997800
-92.3581063000
-92.2921590900
-92.2047933600
-92.1001415000
-91.9865903900
-91.8510052800
-91.7294165800
-91.6134860200
-91.4971118200
-91.4036446700
-91.3065504100
-91.2377479800
-91.1708208300
-91.0989180800
-91.0276265900
-90.9606773900
-90.8905178500
-90.8345598000
-90.7905375400
-90.7730656300
-90.7806840200
-90.8138606700
-90.8766444100
-90.9353401600
-90.9991748900
-91.0784000500
-91.1483804500
-91.2143660600
-91.2814812700
-91.3500641600
-91.3956324300
-91.4039777500
-91.3891853800
-91.3364816100
-91.2804292200
-91.2109334700
-91.1230726200
-91.0281641400
-90.9429677900
-90.8468352700
-90.7370126200
-90.6489635400
-90.5954417500
-90.5736496300
-90.5759932900
-90.5824221900
-90.6153872500
-90.6758187100
-90.7566549900
-90.8595341900
-90.9839556200
-91.1219355300
-91.2680593200
-91.4140875200
-91.5433925100
-91.6743489600
-91.7814650100
-91.8731216000
-91.9332998500
-91.9486921500
-91.9237479200
-91.8619180800
-91.7757810000
-91.6680309500
-91.5461911000
-91.4163175900
-91.2936598900
-91.1772233800
-91.0663406700
-90.9669960900
-90.8905797000
-90.8446913800
-90.8175206200
-90.8014048000
-90.8128242900
-90.8393159600
-90.8703570400
-90.9125656700
-90.9557283100
-90.9954383700
-91.0494419500
-91.1116324700
-91.1607862800
-91.1954441100
-91.2241688700
-91.2551195500
-91.2890921700
-91.3265852000
-91.3545325300
-91.3734776500
-91.3765065400
-91.3663635600
-91.3505115100
-91.3446199900
-91.3434410400
-91.3319033400
-91.3192902000
-91.3017578500
-91.3001121600
-91.2960631200
-91.2915618000
-91.3025499400
-91.3213278000
-91.3470628600
-91.3775813600
-91.4157126600
-91.4593994800
-91.5240023800
-91.5999092700
-91.6922339200
-91.8017418700
-91.9226883600
-92.0428152000
-92.1698320200
-92.2853536000
-92.3823313600
-92.4461707700
-92.4706059100
-92.4475721800
-92.4037132500
-92.3226960600
-92.2097812000
-92.0986139900
-91.9873807500
-91.8463638000
-91.7059683300
-91.5824805800
-91.4634202400
-91.3616639400
-91.2988201300
-91.2501932200
-91.2170653000
-91.2050062000
-91.2202443100
-91.2438388300
-91.2970060000
-91.3606612500
-91.4245877000
-91.4853079200
-91.5258420600
-91.5604717200
-91.5803533900
-91.6070098700
-91.6228350700
-91.6331856700
-91.6568394500
-91.6849397200
-91.7209074700
-91.7604959700
-91.7805753300
-91.8080902000
-91.8368245900
-91.8647456200
-91.8981169800
-91.9319981300
-91.9674360400
-92.0172350800
-92.0619005900
-92.1093276300
-92.1565811600
-92.2169311700
-92.2673563800
-92.3261582100
-92.3661196500
-92.3859747400
-92.3962566800
-92.3823030200
-92.3498523400
-92.3016588200
-92.2285007200
-92.1261555000
-91.9938039200
-91.8585199600
-91.6997947200
-91.5329553600
-91.3758776500
-91.2477511600
-91.1365840000
-91.0543922600
-90.9999314600
-90.9996813400
-91.0204147600
-91.0333517100
-91.0773472700
-91.1285288300
-91.1855570200
-91.2481653000
-91.3255830300
-91.3980697400
-91.4766293200
-91.5661302800
-91.6455015600
-91.7124136100
-91.7731249100
-91.8263834000
-91.8864205900
-91.9385166600
-91.9708364300
-91.9934996300
-92.0087771600
-92.0097768000
-92.0036479100
-91.9860782900
-91.9702248000
-91.9451805700
-91.9031609600
-91.8569432100
-91.8095459600
-91.7635519300
-91.7199242200
-91.6750352400
-91.6587824500
-91.6744957000
-91.6968788800
-91.7201518900
-91.7610368400
-91.8225373900
-91.8651688400
-91.9285379400
-92.0031873900
-92.0888764300
-92.1779426400
-92.2804893200
-92.3717310000
-92.4502628200
-92.5184203800
-92.5502368400
-92.5654643400
-92.5477034700
-92.5014775900
-92.4210864500
-92.3088948300
-92.1859582400
-92.0536375000
-91.9209779400
-91.7865871600
-91.6438172400
-91.5085777000
-91.3819408600
-91.2808214300
-91.1896090400
-91.1122901300
-91.0586838100
-91.0619053900
-91.0926526900
-91.1531878000
-91.2492328500
-91.3553023200
-91.4591324700
-91.5704415700
-91.6582792500
-91.7271530500
-91.7663971800
-91.7740338200
-91.7666307400
-91.7415442300
-91.7163716900
-91.6930622900
-91.6609616500
-91.6302401200
-91.5763183400
-91.5314566800
-91.5037545400
-91.4860575400
-91.4750645200
-91.4785525900
-91.4914307300
-91.5099411600
-91.5399322600
-91.6026398900
-91.6694795900
-91.7406405200
-91.8280767700
-91.9159397900
-92.0083166600
-92.0759465900
-92.1515076400
-92.2188911200
-92.2584153100
-92.2722286500
-92.2565368600
-92.2070745400
-92.1351703900
-92.0372728800
-91.9047923400
-91.7534939800
-91.6008237500
-91.4430187200
-91.2913502300
-91.1290238200
-90.9786987300
-90.8495214900
-90.7283218500
-90.6194632700
-90.5217540600
-90.4675593100
-90.4454519300
-90.4661062300
-90.5235172600
-90.6257787200
-90.7627391800
-90.9203810900
-91.0988593300
-91.2893263800
-91.4778890900
-91.6373252000
-91.7889813500
-91.9037876200
-91.9903305800
-92.0531186400
-92.0762813300
-92.0630745800
-92.0214568100
-91.9471491300
-91.8412614100
-91.6983494000
-91.5377951600
-91.3646753800
-91.2132895500
-91.0730134700
-90.9492715300
-90.8332661600
-90.7404230700
-90.6581200500
-90.6094554200
-90.5805603400
-90.5560171800
-90.5540236800
-90.5772465500
-90.6160305200
-90.6625548000
-90.7037518800
-90.7319422700
-90.7596019900
-90.7813954400
-90.7973697800
-90.8112414300
-90.8110961600
-90.8236058000
-90.8461555700
-90.8687692600
-90.8947630200
-90.9290035600
-90.9641876100
-91.0016754700
-91.0432215000
-91.0965810600
-91.1535455700
-91.1995100900
-91.2385075400
-91.2854747000
-91.3306597600
-91.3838895300
-91.4392712700
-91.4739321300
-91.4915538500
-91.5119737200
-91.5234002300
-91.5129852200
-91.4920537900
-91.4547229300
-91.3952582400
-91.3112927900
-91.2052345800
-91.0915437300
-90.9523292500
-90.8024415700
-90.6399075500
-90.4574886800
-90.2670687400
-90.0915769800
-89.9101130800
-89.7546801300
-89.6170685400
-89.5183332200
-89.4508574700
-89.4302304900
-89.4370251900
-89.4901249600
-89.5969146800
-89.7413962700
-89.9378424800
-90.1517036500
-90.3709885100
-90.5879812200
-90.7963882900
-90.9872289800
-91.1787888900
-91.3237390300
-91.4499758300
-91.5407941700
-91.6059465000
-91.6501700300
-91.6776160300
-91.6825094700
-91.6696263500
-91.6502192500
-91.6325195700
-91.6121563200
-91.5905598300
-91.5835023600
-91.5837208500
-91.5962609900
-91.6189554400
-91.6438541000
-91.6773944200
-91.7278849000
-91.8076164500
-91.8942879900
-91.9695222100
-92.0342873700
-92.1035095600
-92.1731453800
-92.2318170200
-92.2769052300
-92.3203885200
-92.3470856700
-92.3551977500
-92.3278549700
-92.2767308700
-92.1961538500
-92.0879070700
-91.9549707400
-91.7957774800
-91.6170742900
-91.4354692400
-91.2588930000
-91.1047554400
-90.9682026500
-90.8377214400
-90.7115780500
-90.6047191800
-90.5396442300
-90.4918037300
-90.4785922400
-90.4833599700
-90.5117972800
-90.5364729700
-90.5824985400
-90.6340293000
-90.7016804000
-90.7730730900
-90.8486995700
-90.9176761800
-90.9872169500
-91.0579252000
-91.1171595900
-91.1723546200
-91.2252956700
-91.2592915600
-91.3009187100
-91.3180742000
-91.3129512000
-91.3069735100
-91.2888334900
-91.2524064600
-91.1983945800
-91.1239771600
-91.0428030400
-90.9779411100
-90.9347844500
-90.9065348400
-90.8936383200
-90.9083676500
-90.9264670100
-90.9937200200
-91.0709977200
-91.1482967700
-91.2244079200
-91.3238680500
-91.4237935400
-91.5349178800
-91.6391992500
-91.7575558200
-91.8675650000
-91.9755184800
-92.0778141900
-92.1508390500
-92.2224655600
-92.2975291200
-92.3648306600
-92.4111649700
-92.4382904800
-92.4606775000
-92.4481578100
-92.4025358800
-92.3246399300
-92.2119907500
-92.0691876500
-91.9109985800
-91.7527003300
-91.5824981000
-91.4312439300
-91.2847590200
-91.1462063000
-91.0146836400
-90.9083406600
-90.8543667900
-90.8257778400
-90.8133417000
-90.8346026100
-90.8899055100
-90.9557088000
-91.0411012300
-91.1176524800
-91.1843949000
-91.2324867800
-91.2579105000
-91.2668615200
-91.2808773600
-91.2903194600
-91.3087068600
-91.3410417900
-91.3929054900
-91.4629945000
-91.5499449600
-91.6458553500
-91.7316032600
-91.8260863900
-91.9182410700
-92.0237256400
-92.1237644500
-92.2258667200
-92.3170126700
-92.3856538000
-92.4343967000
-92.4566929000
-92.4524809100
-92.4241312400
-92.3722100000
-92.3003557200
-92.1905115300
-92.0424741900
-91.8698491600
-91.6581949100
-91.4406653400
-91.2229849100
-91.0067052500
-90.8005591200
-90.6192550400
-90.4884782800
-90.3840743900
-90.2918663200
-90.2430631500
-90.2154706700
-90.2155904600
-90.2469887100
-90.3044478600
-90.3790352100
-90.4525711500
-90.5637219300
-90.7045251700
-90.8584279700
-91.0022028500
-91.1439692400
-91.2659164200
-91.3661518200
-91.4437990300
-91.5050955900
-91.5336517300
-91.5401075400
-91.5262828300
-91.4927099500
-91.4490455000
-91.3861878400
-91.3056237400
-91.2238544400
-91.1486412100
-91.0847608300
-91.0079437300
-90.9542448500
-90.8884409500
-90.8160917800
-90.7687732100
-90.7277229400
-90.7078046700
-90.7068443600
-90.7428529200
-90.8029872600
-90.8918612800
-90.9874825300
-91.1105747400
-91.2316813900
-91.3557332900
-91.4495899000
-91.5348610200
-91.6125177200
-91.6847821900
-91.7581280700
-91.8226478100
-91.8805355100
-91.9242446600
-91.9326532200
